59571
83003
87041
24414
42452
3354
852
10640
70779
23128
63704
70639
52394
14979
21060
36568
10486
72211
25642
67845
71391
11310
93428
50687
16121
19017
69530
14074
91983
62027
32897
9333
65316
55802
79413
41700
9603
31196
86168
46365
92122
81891
48848
84455
12778
51228
68094
53275
98330
33313
4333
72752
60440
2830
16821
84178
75802
69599
61549
90227
45087
77789
70007
50570
43715
93514
68503
71513
402
54836
49893
88574
42092
60225
63596
51595
68951
68771
29169
43852
79453
34074
49266
60788
55850
93112
82939
47049
16224
78883
3650
11155
27615
60154
74145
64399
90271
61872
99674
96495
48712
28074
68401
55319
994
8380
91501
28048
42862
28232
69340
37803
88961
37452
68726
58728
33215
46023
50961
47718
4051
76262
7337
6514
92905
21853
70562
65624
10637
92024
13839
50554
9404
51196
38028
25554
23085
10593
30023
27554
92038
25029
20773
53458
55104
53741
11146
68309
27281
68240
55681
3009
37679
20218
955
34277
43330
86975
82067
1413
40917
1636
80644
79360
71399
22842
15435
54936
93275
88009
69080
89602
9475
82791
15434
99722
49322
95962
67980
43482
89189
24995
82734
4920
33656
9789
61638
37282
20132
56512
77910
48964
66156
20649
70832
99263
32888
99186
51452
2491
46110
97967
18502
80227
56360
54942
94446
20075
86891
30104
19064
66080
49371
98878
47852
71966
8679
25295
54923
256
64053
91212
82982
15373
19488
55217
86073
53153
98475
3007
52879
43826
73547
94122
74370
82644
5282
24824
49514
84659
95268
36835
55804
93662
48018
54562
36785
37624
57376
45685
32287
83313
81289
10511
48947
91743
50593
38451
50661
46546
77211
89556
25752
53038
82334
69655
43173
31559
76001
10745
36103
71639
20514
91680
91981
29029
90754
82165
9273
47075
7571
89750
98803
36385
58763
89029
67512
41176
23998
94059
29880
91605
6250
7073
62877
33249
4210
86596
78945
59193
34245
16891
95076
60720
83866
49751
12073
15365
49312
95574
86521
58539
77762
15529
18392
55528
74257
88248
98901
90403
80587
96550
80913
33304
60463
60618
78724
11916
95575
26443
7589
84128
54421
83558
1707
60140
94706
82361
77423
32547
13324
52761
60991
47494
74255
8071
63212
14521
78715
82830
33161
79249
51267
15878
62789
11787
52131
74352
60037
92867
11390
74761
48441
4822
463
65118
69174
28847
7449
42432
2528
99461
60124
27204
46058
39474
4849
39890
81863
7234
5189
63019
18577
76386
53342
66432
5082
15687
50835
83231
69240
46581
49548
99751
90185
82273
25486
16897
58439
27165
43031
57022
16416
29597
84752
94628
4921
95665
56810
99646
34167
63221
55041
21181
14665
88735
69034
88786
7881
77991
36841
45101
31933
45880
44234
55756
83660
12494
56815
70406
34838
32369
52112
18369
6847
58839
37133
96389
77688
20078
98263
41003
16275
35329
84885
39620
98876
20775
40904
43491
91735
46470
55560
16879
51445
7082
52347
33273
10284
42795
60901
9875
57423
49961
66421
30020
58877
6205
86424
25522
92585
19783
92964
63336
18071
26245
85280
11210
44796
38661
82874
70185
62758
73457
11679
42564
7998
22219
35387
4113
8238
2477
3649
20966
65408
1983
64531
39427
5684
18997
76607
60147
891
23795
17581
53793
71475
55838
95689
35610
13304
49516
2848
80210
88680
20371
40946
97315
9254
51227
8691
73316
25260
91100
97385
72695
8534
13472
27463
68613
73117
70648
14928
55419
43670
74121
7662
99838
55665
11796
96565
95122
44919
84319
85033
84215
5591
92006
88714
50541
30789
10358
74552
62045
1966
31764
93489
65843
31277
73522
36487
11797
39149
91821
84414
58392
14566
40079
62339
93613
47525
53595
40697
9423
53531
88097
76610
11593
51920
82371
42010
48594
41187
3129
91190
78022
77141
87017
32387
15618
74864
17254
19441
7096
64320
43208
25925
7111
10244
69253
81598
75982
41856
41033
60256
26922
77948
23960
26625
59548
57902
82760
60518
42316
33609
37724
20645
3362
71671
98747
37001
18895
91319
86319
60806
3196
35134
66408
73473
15863
63115
83565
19524
17479
83678
86911
86088
15310
72910
78671
16946
60270
57801
17474
59660
89926
25762
85018
53960
98795
42831
15672
98588
63199
37420
92561
23429
42358
17276
23216
55313
95395
47341
24947
50537
57322
49092
51075
82065
30216
12633
36500
79296
2064
58028
12047
69657
35385
88880
32093
97953
28821
22959
8968
84808
56826
28844
11561
71265
35876
72911
18931
44845
54089
95239
50676
82773
71251
3610
96609
23289
37883
59281
94663
41563
90723
2662
98562
48359
44244
45240
77088
18655
77960
32561
9773
22861
48569
93834
39561
86472
77263
92834
8065
26355
48850
93782
52516
77206
38525
60203
87362
67860
76449
91794
25131
98378
95685
1040
70019
83925
69124
30443
93814
90742
2681
51238
17784
45959
25384
69504
13540
55001
51611
44437
60074
15632
65919
48636
55589
33024
42201
80059
82410
27269
60189
41363
81690
12534
15826
41593
20728
19082
34719
14967
52575
15992
11054
84881
73359
58765
37367
44712
29571
86447
62580
63403
29710
70037
84851
67568
41604
23498
35148
17042
59856
22821
53340
6275
77876

