9973
3804
3323
3475
9513
3798
721
2737
3519
4774
8684
8804
9632
4955
9816
3422
8526
3240
8110
2731
8674
704
8174
5948
2975
6380
176
4676
9335
8573
2960
2621
6394
7150
9818
4299
7749
8547
6534
2530
1765
7008
715
981
3095
2749
3712
6913
5500
4391
2179
419
4939
5038
136
1095
8448
1815
3913
7967
7270
5392
7133
5437
4120
3784
4762
218
1248
9140
1058
9902
4679
6335
2963
8186
609
1390
3849
2436
3728
9058
9667
2270
9597
3566
5314
5166
5191
8201
9883
1347
2869
4158
4144
2125
7245
3213
8194
7875
5726
8064
4689
5709
70
4973
6743
8376
7114
5284
9304
651
9666
6590
6572
4880
3277
3940
348
5575
7663
5512
1692
6915
8638
5212
2743
274
7864
8687
1939
9918
4980
7847
5929
8398
1900
7533
126
1937
9344
5787
9467
2503
5795
6232
7304
3189
2990
7757
9690
1850
886
4368
8483
1076
8281
6650
6774
190
751
1574
562
1385
2766
4412
1033
1856
265
5203
7166
582
383
4122
6087
8556
4202
652
4134
7426
4353
9576
8603
6110
7756
1233
7108
3956
4779
1253
9483
1426
2675
1852
3902
3079
610
4888
8594
8179
6818
1595
4559
2523
781
8188
482
9674
4736
2267
621
9956
1726
1985
8084
8902
4815
6408
8054
1643
9698
8073
1109
8846
7580
616
2262
6187
9669
116
4780
6125
2643
1600
7361
3204
6686
4047
8985
6092
6282
2800
9384
6128
5305
568
3037
7152
3270
4911
9849
9026
2798
6139
806
6628
9097
1206
2947
137
7499
92
8363
6075
7816
4953
1661
838
2484
9440
2856
2078
432
382
2471
9435
6045
6868
632
9337
6289
5268
3097
4743
52
4429
2783
2618
4254
3122
8345
1761
8751
46
9661
8513
995
4378
6847
5201
4944
9443
1855
1475
8439
4851
448
4518
1360
7216
5475
1170
4652
9590
1982
1159
7368
4093
611
6372
6936
2238
6737
153
477
7884
6006
8475
1271
6494
9976
978
5916
1973
6088
5866
1594
8295
888
6250
9633
2226
618
2073
5633
9748
5977
8739
2300
559
4240
4068
6727
3245
5914
2432
620
8126
4959
3218
4864
7713
749
25
1252
7222
3807
5840
1725
9249
5114
8298
5006
868
6584
3372
6854
4385
8469
9292
4169
7651
1368
3014
5024
4201
3327
7837
873
9926
2465
1548
8511
5029
7074
2696
4342
8425
220
3492
9693
5578
6421
1483
16
5777
593
7961
4479
9702
3118
649
6410
8945
8992
2635
7239
5498
7929
2991
4637
975
152
566
6780
5039
5155
4746
247
1821
2429
5911
9128
4823
8305
7901
9104
2140
4430
3607
9863
1158
5790
3745
5949
4979
4714
6345
932
9637
1995
8959
2375
828
4310
7792
1623
6060
837
4651
3424
7539
6104
5471
7212
1989
3650
924
6147
1209
4605
9828
2875
3888
406
6633
7013
3531
49
7203
9972
8326
2761
5624
552
7168
1945
8505
2370
8226
6485
2475
734
1133
8097
3159
2127
8711
1842
7065
9449
744
4226
1916
175
3657
9079
7338
7623
2400
8969
5487
6047
9529
7838
1703
9770
5436
8897
1944
479
9184
5094
6625
8366
4251
7662
255
3547
7773
6127
6795
4326
8740
8107
4625
5543
3802
1625
9855
7386
8987
4079
2433
6212
2730
5104
6845
1094
2740
938
9643
1010
4019
9295
9043
5561
7302
3187
8860
2725
2589
8350
6480
2998
5277
8759
416
3898
7181
9745
8004
8737
5445
1474
4956
3500
18
1664
2487
4147
1889
5371
8220
1256
705
3268
8243
2158
5849
123
5884
9263
7522
558
2204
967
3436
2217
146
7724
1140
4861
7330
2539
9946
3362
4185
1110
6048
6687
8428
1731
2554
94
8704
1740
2117
9081
492
5865
1750
8263
4781
6617
3135
4821
8936
3826
5479
5449
3903
421
9126
7480
8717
3540
742
2892
8938
3715
6877
8618
5959
9441
6573
7999
4517
6163
5335
3843
7524
4327
2586
4340
7552
5355
8681
4182
9737
7268
4010
9233
5118
9139
3916
5562
5007
9075
8252
1188
9893
9070
1794
5276
5351
1613
9699
4476
2830
6122
4874
9281
576
2317
8078
4786
4878
7741
334
9103
5621
1506
8375
3152
7221
5480
9931
8230
4748
6105
2623
3833
9056
541
5764
5577
8622
3399
1810
6020
4279
1440
2263
8915
4494
602
118
7810
2587
5814
9012
3251
1225
8189
1579
5694
7054
4585
8251
9074
60
4713
9651
1532
4659
5733
1306
907
5513
3044
2987
8688
5838
8497
3085
8308
1085
2541
6023
2427
7650
5635
7376
3612
9706
4483
6761
1000
3469
7006
42
8747
1029
9734
2552
6034
1919
1729
5211
7731
9472
2888
5572
7288
8838
1874
3855
5596
7448
2225
9991
6509
2846
6423
1200
4606
5259
6459
821
7405
4298
8768
8623
7800
8395
7572
72
7036
849
2590
6705
2631
7569
619
4101
6955
2764
6246
171
3751
7874
5405
4021
539
508
7915
6269
4752
9975
7291
2604
1516
7955
3840
3549
1080
5279
4456
4535
2889
9067
362
3988
6692
775
7739
5612
4789
7903
329
3811
7199
7454
6136
9844
5824
6055
9673
2709
157
1136
2691
7534
9275
1689
2292
3938
8801
5319
191
3673
9552
3221
7818
6077
9148
9355
293
7257
3853
3948
2207
2035
4219
9442
814
1607
5089
6261
6702
8443
5157
3761
3098
6249
7895
6983
2325
1502
6935
3962
5991
9260
4013
2272
3636
1895
7568
447
9783
6301
8449
6708
9461
7842
2619
9583
2559
7644
8802
97
1327
4809
6941
2823
1168
3485
1061
2802
4543
2897
3720
2040
9798
6098
3629
181
208
5431
5021
3280
224
9834
6352
7520
3845
6342
1964
3983
9744
1455
4937
6414
9346
641
5660
414
5717
2235
6056
833
2071
9035
2822
8242
9165
1881
1370
4852
1657
3398
1986
7853
9329
3063
1915
5988
2506
1830
8541
4551
1069
3575
7057
6824
1601
4590
637
9342
6677
8507
3710
5133
6874
2234
9947
1242
2983
8652
8934
7193
260
6253
7994
1458
3271
5012
2069
328
